0 1 1
19 20 2
9 10 3
10 11 4
13 14 5
1 2 6
13 18 7
11 13 8
1 3 9
3 19 10
12 19 11
7 19 12
7 12 13
10 12 13
7 12 14
7 12 15
7 13 16
7 18 17
7 9 18
7 18 19
7 19 20
3 12 21
7 20 22
7 10 22
7 13 23
7 8 23
3 7 24
3 7 25
3 4 26
1 4 27
1 5 28
5 7 28
4 14 29
6 19 30
5 6 31
5 6 32
5 6 33
2 6 34
6 10 34
5 6 34
5 19 34
6 13 34
6 9 34
5 10 35
5 6 36
6 11 37
5 6 37
2 6 38
1 6 39
3 6 39
5 6 40
5 6 41
5 6 42
5 6 43
6 19 44
6 19 45
5 6 46
6 19 47
5 19 48
3 7 49
3 5 49
3 7 50
3 7 51
3 5 52
5 6 53
3 7 54
3 7 55
3 16 56
16 17 57
3 19 58
14 15 59
